1
5
7
10
12
13
14
16
18
21
24
25
29
30
31
33
35
38
39
40
43
44
45
46
49
52
55
57
58
59
60
63
66
69
71
72
73
74
77
80
83
85
86
87
88
91
94
97
99
100
101
103
105
108
111
112
113
114
115
116
118
120
122
126
128
129
130
132
134
137
139
140
141
143
145
148
149
150
153
154
155
156
159
162
165
167
168
169
171
173
176
177
178
181
182
183
185
187
190
193
196
199
203
204
205
206
209
212
215
217
218
219
221
223
226
229
232
235
239
240
241
243
245
248
251
254
256
257
260
263
264
265
267
269
272
275
276
277
280
281
282
284
286
288
292
294
295
296
298
300
303
304
305
308
309
310
312
314
317
320
321
322
325
326
327
329
331
334
336
340
344
345
346
348
350
353
356
357
358
361
362
363
365
367
370
371
373
375
376
378
380
382
383
384
386
388
391
393
397
401
402
403
405
407
410
412
416
420
421
422
424
426
429
432
435
437
438
441
444
445
446
448
450
452
456
460
461
462
464
466
468
472
476
477
478
480
482
485
487
491
495
496
497
499
501
504
507
510
513
517
518
519
521
523
525
529
531
532
533
535
537
540
542
546
550
551
552
554
556
559
560
562
564
565
567
569
571
573
574
575
576
578
580
583
586
589
592
596
597
598
600
602
605
606
607
609
611
613
614
615
617
619
622
625
626
627
630
631
632
634
636
639
640
642
644
646
648
650
651
652
654
656
660
661
662
664
666
669
670
672
674
675
677
679
681
683
684
685
686
687
690
693
696
698
699
700
702
704
707
708
710
712
714
716
718
719
720
722
724
727
730
731
732
735
736
737
739
741
744
747
748
749
752
753
754
755
758
761
764
766
767
768
770
772
774
778
782
783
784
786
788
791
792
793
794
795
796
798
800
804
805
806
808
810
812
816
820
821
822
824
826
829
832
835
838
842
843
844
846
848
851
853
857
861
862
863
865
867
870
871
872
875
876
877
879
881
884
886
890
894
895
896
897
900
903
906
908
909
910
912
914
917
918
919
920
921
922
924
926
929
930
932
934
935
937
939
941
942
943
945
947
950
951
953
955
956
958
960
962
963
964
966
968
971
974
977
980
984
985
986
988
990
992
996
999
1003
1004
1005
1007
1009
1011
1015
1018
1022
1023
1024
1026
1028
1031
1034
1037
1040
1044
1045
1046
1048
1050
1052
1056
1058
1059
1060
1061
1064
1067
1070
1072
1073
1074
1076
1078
1081
1084
1085
1089
1090
1091
1093
1095
1098
1099
1100
1101
1102
1103
1105
1107
1110
1113
1114
1118
1119
1120
1122
1125
1126
1127
1129
1131
1133
1137
1139
1140
1141
1143
1145
1147
1151
1154
1158
1159
1160
1162
1164
1167
1170
1173
1176
1180
1181
1182
1184
1186
1189
1192
1195
1198
1202
1203
1204
1206
1208
1211
1214
1217
1219
1220
1223
1226
1227
1228
1230
1232
1235
1237
1241
1245
1246
1247
1249
1251
1254
1257
1258
1259
1260
1261
1262
1264
1266
1269
1270
1271
1274
1275
1276
1278
1280
1283
1284
1285
1288
1289
1290
1292
1294
1297
1298
1300
1302
1303
1305
1307
1309
1310
1311
1313
1315
1318
1319
1321
1323
1324
1326
1328
1330
1331
1332
1334
1336
1339
1340
1342
1344
1345
1347
1349
1351
1353
1354
1355
1356
1358
1360
1363
1364
1365
1368
1369
1370
1372
1374
1378
1379
1380
1382
1384
1387
1390
1391
1392
1395
1396
1397
1399
1401
1404
1407
1408
1409
1410
1411
1412
1414
1416
1419
1421
1422
1423
1425
1427
1429
1433
1436
1440
1441
1442
1444
1446
1449
1452
1453
1454
1457
1458
1459
1461
1463
1466
1467
1468
1469
1470
1471
1473
1475
1478
1479
1481
1483
1485
1487
1489
1490
1491
1493
1495
1498
1499
1500
1503
1504
1505
1507
1509
1511
1515
1517
1518
1519
1521
1523
1526
1529
1530
1534
1535
1536
1538
1540
1543
1544
1546
1548
1550
1552
1554
1555
1556
1558
1560
1562
1566
1568
1569
1570
1572
1574
1577
1578
1579
1582
1583
1584
1586
1588
1591
1593
1594
1595
1597
1599
1602
1603
1605
1607
1608
1610
1612
1614
1615
1616
1618
1620
1622
1626
1629
1633
1634
1635
1637
1639
1642
1643
1645
1647
1648
1650
1652
1654
1655
1656
1658
1660
1663
1664
1665
1668
1669
1670
1672
1674
1677
1680
1683
1686
1690
1691
1692
1693
1696
1699
1702
1704
1705
1706
1708
1711
1712
1713
1715
1717
1720
1721
1722
1723
1724
1725
1727
1729
1732
1733
1734
1735
1736
1737
1739
1741
1743
1747
1750
1754
1755
1756
1758
1760
1762
1766
1770
1771
1772
1774
1776
1779
1781
1785
1789
1790
1791
1793
1795
1798
1801
1802
1806
1807
1808
1810
1812
1816
1817
1818
1820
1822
1825
1828
1829
1830
1831
1832
1833
1835
1837
1841
1842
1843
1845
1847
1850
1852
1856
1860
1861
1862
1864
1866
1869
1872
1873
1874
1875
1876
1877
1879
1881
1884
1887
1890
1893
1897
1898
1899
1901
1903
1906
1908
1912
1916
1917
1918
1920
1922
1925
1926
1928
1930
1932
1934
1936
1937
1938
1940
1942
1945
1947
1951
1955
1956
1957
1959
1961
1964
1967
1968
1969
1972
1973
1974
1976
1978
1981
1984
1987
1990
1994
1995
1996
1998
2000
2002
2006
2009
2013
2014
2015
2017
2019
2022
2023
2024
2027
2028
2029
2031
2033
2036
2039
2040
2041
2042
2043
2044
2046
2048
2051
2053
2057
2061
2062
2063
2064
2067
2070
2073
2075
2076
2077
2079
2081
2083
2087
2089
2090
2091
2093
2095
2098
2101
2102
2103
2104
2105
2106
2108
2110
2113
2116
2117
2118
2119
2120
2121
2122
2123
2128
2131
2134
2136
2137
2138
2139
2140
2141
2148
2149
2150
2151
2155
2156
2158
2159
2160
2162
2163
2164
2166
2167
2171
2173
2175
2176
2177
2178
2180
2182
2185
2188
2189
2193
2196
2199
